              precision    recall  f1-score   support

           0       0.95      0.96      0.95      1383
           1       0.93      0.98      0.96      1569
           2       0.93      0.90      0.91      1357
           3       0.93      0.89      0.91      1467
           4       0.88      0.95      0.91      1362
           5       0.92      0.84      0.88      1247
           6       0.93      0.96      0.94      1407
           7       0.88      0.95      0.92      1382
           8       0.92      0.90      0.91      1375
           9       0.94      0.86      0.90      1451

    accuracy                           0.92     14000
   macro avg       0.92      0.92      0.92     14000
weighted avg       0.92      0.92      0.92     14000
